# layers=4 tau=5 batchsize=16  UW(l2_loss,kl_loss)
#诗
0,179.9965576171875,559.5467264811198,13.644793882282105,0.0352872757629181,65.37573546171188
1000,111.95878251393636,251.81613591512044,16.14659526943196,0.5889676302981873,18.51531649629275
2000,89.81074968973796,189.29337526957195,17.21342285422704,0.7341230498626828,13.584861382842064
3000,71.58759349187216,151.00687522888182,18.383324694084873,0.8284514971698324,11.65396623313427
4000,77.46898934046428,202.58294169108072,18.105814811431845,0.6150948260600368,13.716940134763718
5000,61.3316162109375,137.19549598693848,19.062957998577456,0.8387385740876198,9.662909967203936
6000,64.31643320719401,150.41875928243002,18.950154451620673,0.8041337901105483,11.600902366141478
7000,60.181379254659014,168.90359535217286,19.15746284869848,0.6817823145228128,11.739724793781837
8000,55.49911168416341,125.1522886912028,19.54051445769173,0.8613881356393297,8.660060875117779
9000,57.967945702870686,197.41763178507486,19.32084203087923,0.5102502965989212,12.01830999304851
10000,56.13365888595581,151.46507924397787,19.501213172136755,0.7443791496877868,9.96109793583552
11000,54.3358660697937,133.5523245493571,19.71280739075524,0.8293583445871869,9.632581447561583
12000,49.63903331756592,134.96905962626138,19.99789228782165,0.8114212928339839,9.56569874038299
13000,54.83069451649984,136.42536239624025,19.626487540736665,0.8338021853317817,11.090480790783962
14000,51.54646453857422,116.5289888381958,19.961915885700645,0.8824328459178408,9.543945447852215
15000,50.48793983459473,135.42913042704265,20.030825364224484,0.8162849975749851,9.630544747536382
16000,49.1387729326884,128.79832038879394,20.118872555265337,0.8426006361221273,9.78608130166928
17000,44.15074612299601,113.33933626810709,20.539715169681628,0.8763614851981402,8.024429231882095
18000,47.46852045059204,116.06967887878417,20.199484309606685,0.8836351560428739,9.670718144625425
19000,47.96544233957926,130.3332197825114,20.17320423896357,0.8448475378875931,11.394426922003428
20000,50.0456976890564,128.52614148457846,20.056384509228106,0.8446943145866196,9.234921565900246
21000,47.05081318219503,109.24977054595948,20.273777483958547,0.898326012554268,8.084436943754554
22000,44.61058499018351,115.95609709421794,20.412412826563653,0.8803976700951656,8.970226819316546
23000,52.52752453486125,131.35221010843912,19.810727203221898,0.8523896398643652,10.070212688297033
# 证明 UW确实有效的处理两者之间的关系