#婻
370000,18.135177330176035,305.8348981221517,30.522321332815697,0.9114379019786915,18.1896442361176
371000,19.963290854295096,320.56785583496094,30.09490706937403,0.9064304469774167,18.305083913728595
372000,21.46557980775833,325.2667755126953,29.82574681908684,0.9044583591322104,19.310099907840293
373000,20.449830826123556,317.6278563181559,30.12247435380181,0.9067379642277956,18.329403651878238
374000,19.423386001586913,315.9256144205729,30.236913445842045,0.9074695358673731,20.114140901714563
375000,18.982140723864237,309.4970645904541,30.40342201652207,0.9103123880922794,17.987279420097668
376000,19.17424517472585,309.05382283528644,30.372649986274734,0.9105647757649422,18.44766798429191
377000,18.492988483111063,308.0637621561686,30.43052551425416,0.9103723501165708,18.853820599615574
378000,18.781215862433115,315.30669123331705,30.353894771009774,0.9106521766632796,18.105407003313303
379000,19.330710597832997,311.4854464213053,30.331547593138914,0.9096573742727438,18.505185668667156
380000,18.69334264198939,305.9141553243001,30.435321901859975,0.9114738163848718,18.72880898726483
