#小南
247000,22.826389100816517,66.85575286017523,23.782351863640542,0.9503341016256148,4.306656594077746
248000,26.11624166700575,74.34312316046821,23.160450973996408,0.9416570180406173,5.228575638805826
249000,24.84676899380155,72.51551547580293,23.347840522021457,0.9445057255112465,4.588681828851501
250000,25.218184460533987,73.13562126159668,23.298452807270532,0.9434099913885196,4.436453102777402
251000,25.5430154800415,74.88094024658201,23.21728061603983,0.9418896016561324,5.151515534768502
252000,26.1894003338284,78.66585040622289,23.098258676783903,0.9362424274285633,5.342460041865706
253000,24.687010362413194,71.76922861735025,23.430545731988882,0.9445559725165364,4.6806469311316805
254000,24.286266401078965,68.86173337300619,23.493888735454213,0.9475213600943486,4.709597590068976
255000,23.76990560955472,72.20047543843587,23.559189840765807,0.9441740482631656,4.644927531480789
256000,23.661126147376162,73.24853659735784,23.577226626433472,0.9424318542910949,4.512313477074106
257000,23.585989613003207,69.79002893235949,23.558044651128082,0.9472012604690262,4.854004355147481
258000,24.222317557864717,70.51657049391004,23.468959238946912,0.9467020468993322,4.605776299722493
259000,23.56030190785725,66.9989387512207,23.60635237863652,0.9491357393976714,4.349954371961455
260000,23.037878852420388,66.90284135606554,23.727841614408604,0.9495967213892275,4.292161331201593
261000,23.70005399915908,70.81228417290579,23.57199510089959,0.9465443603694441,4.593281724179785
262000,23.044452508290608,67.97921392652727,23.691514285422002,0.949031902684106,4.623365042110284
263000,22.63538226021661,65.88930579291451,23.782048121825273,0.9507539255751503,4.295672333488862
264000,22.99192393620809,67.93893114725748,23.683697582187918,0.9492766563677123,4.501816610184808
265000,23.238832547929565,71.04578442043727,23.6683917813953,0.9458713254994816,4.620473934337497
266000,22.997602706485324,64.60289734734428,23.772697752462975,0.9512328667359218,4.208066668361425
#小南
266000,23.038384501139323,64.5542494032118,23.77067740662772,0.9512351844045853,4.154337998479605
267000,24.18068361282349,73.28609737820096,23.367146990605786,0.9438981180803644,4.83612487403055
268000,24.7723386976454,79.67732120090064,23.322327352270978,0.9339521072391007,5.3742436443765955
269000,24.16411985821194,72.65235947502985,23.34400692410097,0.943608506893118,5.60450420404474
270000,25.101666397518578,74.33130535549587,23.22674444979538,0.9419086719552676,4.832439500217636
271000,23.99035318162706,73.76858690049913,23.48816887612157,0.9432547891305553,4.592451020143926
272000,23.428871186574295,69.03633058336045,23.581642814343528,0.9476925230688521,4.7959062332908315
273000,23.820688088734943,67.77697753906249,23.535066797357448,0.9486140167133676,4.646316192423304
274000,23.57213005489774,78.38545939127604,23.5054043422107,0.9345633626398115,4.5578624835858745
275000,24.051263194613984,68.07447891235353,23.60664019841851,0.9480365532967779,4.562619322290023
276000,24.07074808544583,68.68301734924314,23.552353372580342,0.9478053606218763,4.34131554638346
277000,24.177960459391272,69.8078726026747,23.52687301193586,0.9467506181862617,4.655395507191618
278000,23.169191530015734,69.0876547495524,23.764992169449965,0.9472224499202436,4.271359996249278
279000,23.08532685173883,67.89093237982856,23.730328343561677,0.9490790729307468,4.432197947365542
280000,22.219634140862354,67.17616598341202,23.817945748961836,0.9495667405840422,4.449880068811278
281000,22.678375116984057,67.56565996805827,23.744720151055336,0.9493364500916666,4.69737169953684
282000,22.835213587019187,66.75173818800184,23.74864075759125,0.9500474245183994,4.624752247085174
283000,23.123170513576934,70.65434820387097,23.68253220238654,0.9469025433891348,4.637069515883923
284000,23.665042877197266,66.84111641777886,23.68780176378352,0.9494747318327427,4.248573433918257
285000,22.985572995079888,69.43805529276531,23.791172113542082,0.9477386183622813,4.211436777065198
#小南
285000,22.907128387027324,69.5790741390652,23.797225559514242,0.9476455640875627,4.226759501422445
286000,25.145176823933916,72.30689442952476,23.26421090911363,0.943712402466271,4.777203879008691
287000,24.738809119330508,76.90738118489585,23.353087184008803,0.9371498358746371,4.738132286195953
288000,25.194348356458878,73.87763926188153,23.31101711193377,0.9425743303365177,4.881759472191334
289000,24.362091636657716,69.26975042555068,23.47424812397628,0.9469213899224997,4.300957188631098
290000,24.703398948245585,72.81799867418077,23.401798560793342,0.9438493544028864,4.777146599565943
291000,24.240562597910568,72.06650360955133,23.50996458528475,0.9440131957332292,4.723995054761569
292000,24.0744351916843,68.69400766160753,23.549342423258448,0.9476126915878719,4.709503009604911
293000,23.75272859997219,68.56736361185708,23.494427354440734,0.9480205551617674,4.868964816754063
294000,23.180809158749064,67.3079086727566,23.666414888972813,0.9493621762428024,4.435561519737045
295000,22.159311400519478,66.26798074510361,23.83702375168198,0.9509071325262387,4.328777985647321
296000,23.058038139343275,69.20758171081542,23.68307232570304,0.9481712691899802,4.697284608458479
297000,22.572355185614697,65.62604866027833,23.829391147319875,0.9512218057695363,4.363773042956988
298000,23.192347992791078,67.47081061469181,23.746642139875746,0.9494969870481225,4.294454514359434
299000,22.56146254009671,68.01748190985784,23.8000602200583,0.9493067519118389,4.404663850242893
300000,22.621621894836426,67.58553920321995,23.777422623024297,0.9498459952986903,4.5915090292692184
301000,22.091827403174495,64.12583580017089,23.931506579271435,0.9525398280057641,4.361506995434563
302000,22.624128203921842,68.3275594075521,23.844059840377106,0.9491318269736239,4.326076509120564
303000,22.253093740675183,66.52456987169052,23.891519332977648,0.9508602848897378,4.317942877920966
304000,22.871639251708984,66.40114606221518,23.797106456089736,0.9505400061607363,4.250169740989804
#洪昌
304000,22.934558327992754,66.17340473598904,23.78547575581018,0.9506224469178253,4.2700154629225535
305000,23.249654144710966,76.03164833916557,23.562565229164196,0.9375226146231095,4.764629540344079
306000,24.12287286122639,74.42973454793295,23.559210684625327,0.9410712638248999,4.611114198341966
307000,24.02423336240981,70.57304941813149,23.525992653992557,0.9455226300905147,4.651603254800041
308000,24.3911030875312,74.5158663431803,23.4442414434352,0.9414529514395528,4.530782795821627
309000,23.47752783033582,72.88482335408528,23.59083933886056,0.9439393744286562,4.673287452509006
310000,23.856919754876024,67.14391144646541,23.557961053614214,0.9489037995123198,4.4308509118855
311000,23.464203940497498,68.77014677259658,23.631189385709284,0.9482221808284521,4.65363713602225
312000,24.338131395975747,70.88002853393556,23.44529049244076,0.9454820630864967,4.611840142558019
313000,22.80111141204834,66.96028997633192,23.712648369498922,0.9502262903170458,4.401903835435708
314000,23.26334844165378,71.2160043504503,23.69909110764097,0.9455566865288549,4.531404164930184
315000,22.209905815124507,67.21179996066624,23.841791951477983,0.9490649050722522,4.227094997962316
316000,23.44197370741102,65.82889158460827,23.72853639103098,0.9503007123453748,4.1645395290106535
317000,22.662387784322103,66.76317753261988,23.78862111656506,0.9500214315536949,4.4998319540172815
318000,23.005266888936365,71.99813435872395,23.75693404227112,0.9427594815691311,4.28711846160392
319000,23.339603307512068,69.02899182637533,23.707023790037972,0.9482838366180659,4.593171967814366
320000,22.784847142961294,67.9032364315457,23.768900941623546,0.949369988963008,4.593584382285674
321000,22.97087642881605,70.54268374972874,23.762753162030467,0.9461100021584165,4.5613895791272325
322000,22.282502195570206,66.45541640387643,23.887399744671793,0.9510137816270193,4.401335838871698
323000,22.57490627500747,69.07987416585284,23.792440679179755,0.9486622432453763,4.451247903828819
#洪昌
323000,22.508882183498795,68.34078873528374,23.797644681817886,0.9494284879416232,4.461570105825861
324000,24.85996680789524,70.91108178032769,23.38571433569173,0.9456607345077728,4.906538696959615
325000,24.9412336561415,70.73336296081543,23.43779618603794,0.9458809086018142,4.718822650611401
326000,24.972675387064612,70.1775766160753,23.443927477987078,0.9465396504849193,4.71143189817667
327000,24.507991218566897,73.45174437628849,23.417542955323743,0.942733512322108,4.424017279719313
328000,23.975068420834013,71.82381155225964,23.50760632856638,0.9449807898037961,4.6037735262264805
329000,24.046795961591922,68.3315933227539,23.550006188630743,0.9478870307819708,4.749267405519883
330000,24.21139153374566,69.58193702697754,23.62977591545096,0.9466303295559352,4.526472448681791
331000,23.325947104560008,72.0585919698079,23.646357984277422,0.9444995714144574,4.746747578804691
332000,23.523602750566276,68.81914791531034,23.620786472375716,0.9479953651212985,4.56242583381633
333000,24.527347893185087,70.22758916219074,23.662077205616015,0.9465783121271267,4.217586802939574
334000,24.549772251976872,68.66780518425836,23.533988341549442,0.9474322027216353,4.373200093396008
335000,24.098825539482966,69.10477506849499,23.60660656099136,0.9480568050924275,4.320580274797976
336000,22.582545259263785,70.02010442945695,23.812010636090367,0.9473758802231818,4.555881617901226
337000,23.255853144327798,69.01922416687013,23.646522703610994,0.9484513243039449,4.317793953232467
338000,22.992863432566327,65.39461877610951,23.776142975404365,0.9509207926276658,4.21617197804153
339000,22.64943134519789,65.03209207322863,23.90664106004638,0.9516560541258917,3.993308050557971
340000,23.293490484025742,68.73452279832627,23.785559831623946,0.9482275003774298,3.9645849152778587
341000,22.915314504835344,66.9965465121799,23.85462283749039,0.9501497883349657,4.239360089413822
342000,22.276714791191946,65.54770935906303,23.946716066627655,0.9515922796395092,4.135488638033469
#洪昌
342000,22.2656549135844,65.07218098110621,23.95040888899762,0.9519146213928857,4.110596271542211
343000,23.90580450693767,67.91186616685656,23.609550379529583,0.9485218541075785,4.222927666269243
344000,25.17668304443359,71.40223253038192,23.37877908175461,0.9455271992418501,4.889735197648406
345000,24.24171602461073,74.69620090060764,23.452349978523213,0.9418541075040895,5.451845138644178
346000,24.324747011396617,67.71658431159125,23.471687040269547,0.9480574525478814,4.6196675611039
347000,25.13578881157768,70.26831876966688,23.454794021156218,0.9466130735973516,4.474299224093556
348000,23.735064877404106,70.04951430426702,23.580509588360503,0.9469063461240795,4.632174177095294
349000,23.018334886762826,66.95938212076821,23.708766060226857,0.9502490986966425,4.402573338399331
350000,23.588498454623757,70.23216599358453,23.684278853200617,0.9468358907020755,4.418868652234475
351000,23.6546140882704,68.14493022494845,23.671006072643404,0.9489365207652246,4.512197216972709
352000,23.102150535583498,70.30519960191512,23.72728307363722,0.9468254127850136,4.290308839020629
353000,23.045546319749626,70.07454189724393,23.710258183979953,0.9478288181540037,4.668608196079731
354000,23.57223797904121,68.77260598076714,23.74640345235106,0.9483287942078377,4.25974848990639
355000,22.57038416332669,70.68960155910915,23.752131328244353,0.9467085208329887,4.394643527145187
356000,22.088665284050833,67.14370519849989,23.881067565362702,0.9502831134117308,4.283780775343378
357000,23.05436302820841,68.36540035671656,23.78211251527416,0.9490019993235668,4.340778801900645
358000,22.483960596720376,70.57823223537868,23.8617549207999,0.9456563511656392,4.296066610453029
359000,23.21079386605156,68.22226943969729,23.74015592393512,0.9490978353139429,4.60844272437195
360000,21.768982813093405,66.90201009114584,23.961938827082236,0.9511997174057695,4.171795466293891
361000,22.269059785207116,67.40032950507269,23.931664439543432,0.9498619676878055,4.123977506533265
#yinping
361000,22.276637395222984,68.3406439887153,23.927283829048903,0.948790691379044,4.145831768400967
362000,24.63326031366984,71.17016046312119,23.41964974257955,0.9449359498504134,4.783663482715686
363000,24.171574221716998,73.43157857259115,23.471978346645127,0.9428047730276983,4.70256498704354
364000,25.160091855790878,70.54185833401152,23.423202620154292,0.9458371497690681,4.563185276153187
365000,24.710148292117648,69.8069126976861,23.503817413860432,0.9468835995015172,4.365262811382611
366000,23.76531483332317,71.5245743221707,23.547546196740587,0.9450500582241349,4.562960667535663
367000,22.887285243140333,67.80125236511229,23.771145002593634,0.9494472735457948,4.34947843508174
368000,23.79739931954278,67.9489660474989,23.69760985346861,0.9480334990140461,4.575861712607245
369000,22.933752621544734,68.78705368041993,23.75954177889972,0.9474842244552245,4.266753024421632
370000,23.680931324428972,69.86486468844944,23.664331328115555,0.9474104388306537,4.409629707224667
371000,22.927927006615526,66.3645534939236,23.764768914548963,0.9503535567472379,4.538387830058734
372000,22.369412167867026,68.00111062791613,23.859306352639464,0.9492071246521341,4.449078583468993
373000,22.66452080408732,66.27320590549046,23.88484535005222,0.9511310514062643,4.116269741207361
374000,22.698319159613714,66.78099865383572,23.845656727224043,0.9504146979086929,3.9402661860610046
375000,21.972981654273152,65.40800450642904,23.940414196431636,0.9514277863419718,4.085932808617751
376000,23.067500294579403,66.15773408677846,23.858212219665553,0.9506310587128006,3.9951698978741965
377000,21.568080711364754,64.17907413906522,23.965613237436358,0.9526526360876031,4.230791926383972
378000,21.46993521584405,67.25952148437499,23.951364193405684,0.9509893194254904,4.268784732557833
379000,21.481106450822622,64.74913720024958,24.048804464203705,0.9524655840463108,4.216733076609671
380000,21.912703280978736,66.47648412916395,24.017521748760597,0.9507746182796029,3.994205625106891
#yinping
380000,21.859034474690755,67.1681154039171,24.02763657919983,0.9498767281158099,3.986384067684412
381000,24.590437497033008,70.00618998209634,23.453382756302187,0.9464221875700685,4.8908274962256355
382000,23.429767449696858,67.44710528055826,23.651765327786496,0.9490300895439253,4.592158912370603
383000,23.259417565663657,69.79530448913575,23.678926494247552,0.9479041737400824,4.439468670946856
384000,23.512152216169568,70.6378626505534,23.61042501193376,0.9456460760699379,4.531793029357989
385000,22.852626408471,67.36734784444174,23.72889618655544,0.9497256009529036,4.6648497475932045
386000,22.784771770901152,66.64163530137803,23.77759162290904,0.9501077483097712,4.385247218112151
387000,23.6697835498386,69.41343578762478,23.62313835753532,0.9477621135612324,4.540175382668774
388000,21.96687473720974,68.83159209357368,23.882539051817226,0.9482333736287222,4.392496707538764
389000,21.875554413265654,66.74001706441244,23.890898511329503,0.9504922600256072,4.479690372633438
390000,22.401961686876096,68.43135905795627,23.81604634272545,0.9492962828112971,4.39635643735528
391000,21.76165408028497,67.28041746351454,23.920385747847895,0.9503475498822002,4.226355692371726
392000,22.287700610690646,66.02340223524305,23.916037518827757,0.9511357103784879,4.299386500691374
393000,22.35752538045247,64.81927388509115,23.909463395648803,0.9515921138640907,4.159597602362434
394000,21.95878931681315,66.17415491739911,23.991839638597344,0.9510103937652374,3.934740833938122
395000,21.736996131473116,64.91218761867948,24.03419500283798,0.952561073170768,4.063671673648059
396000,21.513721466064457,68.68482848273383,23.980282327297157,0.9492297892355256,4.198289661047359
397000,21.14209778043959,65.22706917656794,24.101121683068346,0.95280182229148,3.9742480870336294
398000,21.428195720248755,65.31995781792533,24.06364741421563,0.9525392421417768,4.147037626244128
399000,21.277194436391184,66.06403783162438,24.058705773974392,0.9519783541146257,4.121222556568682
#yinping
399000,21.311169062720403,65.63442548116049,24.0637752945594,0.9521928935415215,4.1141071589663625
400000,24.911708821190736,74.68692788018119,23.362356755771444,0.9414121025966271,4.813398948560159
401000,23.62150121264987,68.92342499627009,23.606988353862096,0.9484588427262175,4.300039247609675
402000,23.61147887971666,72.25582877265082,23.601515918826426,0.944067408144474,4.59861781137685
403000,23.407286220126686,70.75330844455296,23.617332466587918,0.9461729149023692,4.783304929733276
404000,22.744026766882996,70.21258663601347,23.695466264139682,0.9482471069527997,4.4242416027312474
405000,23.333650885687934,69.4458999633789,23.61238965824307,0.9479196141991352,4.710762309841812
406000,23.422760115729442,66.95310401916505,23.701500753511407,0.9494906488806005,4.315235773101449
407000,23.705121178097198,65.64121644761828,23.754896745817753,0.9507290424572098,4.2754137034838395
408000,22.377434497409393,64.87554317050511,23.90223859947288,0.9517639862580433,4.05656171652178
409000,23.65021113289727,69.69802051120332,23.662604583333383,0.9476216306289038,4.350674723585446
410000,23.011798508962,67.5328702290853,23.744401883963405,0.9497633505198694,4.450085496840377
411000,22.23497016694811,65.8531462351481,23.9090226546102,0.9508857859919471,4.281241299274067
412000,22.781694094340008,65.49811193678114,23.836415712576567,0.9508981526311903,4.158907017360131
413000,21.660384676191544,68.73639500935874,24.002471408403338,0.9483878831068673,4.325334954385956
414000,22.383841631147593,65.0622795952691,23.9064816633686,0.9516146380868225,4.149601686125
415000,21.914248212178546,65.52565540737575,24.00596841559928,0.9520665827724666,4.073399524204433
416000,22.049218983120394,67.2005039638943,23.94504626520445,0.9506939535339675,4.265221757814288
417000,21.853407563103573,65.65980334811742,23.96819188458114,0.9517771913773481,4.024498770013452
418000,21.41860553953383,63.78545511033799,24.065181579610826,0.9529963718520272,4.107381189242005
#小南
418000,21.44347114562988,63.79871385362413,24.05910574431586,0.9529436613536542,4.129093751932184
419000,23.337674999237045,64.57771670023601,23.79915055294746,0.9513357358674209,3.9725466879705587
420000,23.49248039457533,67.97711164686415,23.653810773973543,0.9486017669654558,4.449571082368493
421000,23.549994585249156,69.30166625976562,23.644423614975707,0.9481878399021096,4.403221450435619
422000,22.46664905548096,66.63910975986057,23.83328955322137,0.9514787464506098,4.288963728273909
423000,23.04194584952461,70.74234670003254,23.768538766805168,0.9464236235453021,4.166622090463837
424000,22.729029719034834,67.9765540652805,23.791322651874495,0.9493092944638597,4.480718271806836
425000,23.177232053544788,67.98512734307185,23.780320338990418,0.9486962003840337,4.685565964318812
426000,22.363037225935194,65.62992549472385,23.85664522524572,0.9512841547114981,4.571388578042388
427000,22.301205550299745,66.19883215162491,23.934622918230342,0.9513115291380221,4.430657263534765
428000,22.426192082299124,67.66552340189615,23.89707213335415,0.9494959945066108,4.27053115175416
429000,22.32931151919895,65.6015584733751,23.982490795841148,0.9514924303525022,4.2615778325125575
430000,21.725734382205548,65.71995463901098,23.99882283917841,0.9515878658741709,4.238233395541708
431000,22.428623814053,66.22210820515951,23.867858584218414,0.9510674959669511,4.1754109133034945
432000,22.577175903320306,66.37227745056153,23.943589948982417,0.9508085253751941,4.0613109633947415
433000,22.0228075451321,68.66987533569333,23.962504765293893,0.9482845566338963,4.112658455657463
434000,22.43163359959921,65.78525208367243,23.974102963879993,0.9513643174535695,4.0139044262468815
435000,22.439618396759034,66.74355498419867,23.88770874426167,0.9508265828506814,4.2319080062831445
436000,21.81271359125773,65.57216135660806,24.014295375013567,0.9517714776926571,4.15903152897954
437000,21.24209364785088,62.97067515055339,24.099708802061084,0.9540872266723052,4.040574928124745
#小南
437000,21.22471529642741,62.85668635898164,24.10613112372902,0.9541773122217918,4.027020614594221
438000,23.392454518212208,70.38299980163575,23.57752403567757,0.94680395209127,4.855286935344338
439000,23.305229843987362,76.43749050564239,23.677527873116187,0.9347047528872886,4.3200241805364685
440000,22.731673473782003,69.9758782280816,23.678034836246844,0.9484897936383886,4.434792228663961
441000,22.39464929368761,67.21448737250434,23.843888664700913,0.9503219745639301,4.4877462182193995
442000,22.707099490695533,68.37449459499786,23.773069234182614,0.9495912397901216,4.3861442897468805
443000,23.470037184821237,68.41520987616646,23.713082041173546,0.948404938727617,4.217928301853438
444000,22.710937362247044,66.51896163092721,23.80737580306156,0.95030644900269,4.1986036983629065
445000,22.531662474738223,66.06954078674319,23.860288663366898,0.950684979226854,4.244616264477372
446000,21.22003973854913,66.11266844007704,23.979049030788854,0.9518454406410456,4.175852908131977
447000,22.21046441396077,67.15989451938205,23.884175599181628,0.9505220493094788,4.450419649171333
448000,21.038265111711286,69.92568592495387,23.975662037163872,0.9476537824090986,4.294808337775369
449000,21.719355127546525,65.3406883239746,23.956958175643198,0.9523741809030373,4.1780915996059775
450000,21.935182200537785,65.85612767537435,23.977839033480006,0.9510366340478261,4.195227323410411
451000,21.72718816333347,66.25222604539661,23.94079147171824,0.9509214512589903,4.283159705810249
452000,21.736889425913496,66.56762114630806,24.00115769764366,0.9508725566168628,4.456292781978846
453000,22.444280041588684,64.95576413472492,23.96823597234964,0.9520897345410453,4.123218338936567
454000,21.699401018354624,67.79290394253199,23.98264080223875,0.9499808978703281,4.221949316561222
455000,21.189971648322214,62.59395506117078,24.13548042204857,0.954123317036364,4.027360969533523
456000,21.82061284383138,67.14075804816352,23.95848862859472,0.9504669723825324,4.288993887603283