# layers=4 tau=5 batchsize=16  MSE + KL参数/5000
#楠
0,176.2768862406413,211.6641710917155,13.785467765641611,0.7463107768446207,57.25698987642924
1000,99.38045813242594,185.59662055969238,16.934040991645492,0.7843126243601243,15.179888010025024
2000,73.86714855829875,140.4148146311442,18.375652559418615,0.8614233024418354,10.552434232085943
3000,66.9149687131246,139.98231557210286,18.8857566880168,0.8409946284567317,9.39284318437179
4000,72.90555737813314,141.56760177612304,18.625633022728096,0.8563487387572726,9.763024530063072
5000,61.686972300211586,127.93326059977214,19.255880041715262,0.8722404489293695,9.333303992946943
6000,61.90564889907837,119.75903148651123,19.231029728658914,0.8829059295356274,7.723339510460694
7000,57.67250528335571,117.04128920237223,19.52073560228372,0.8872258159642418,7.67314809995393
8000,55.737332312266034,114.2434211730957,19.77985095654476,0.8915709104388952,7.669399778048198
9000,51.829163233439125,123.63272171020508,19.962909785410528,0.8607381372402112,7.715077577158809
10000,47.23901421229045,113.94533907572428,20.325372927592866,0.8805400859564543,7.615644832452138
11000,64.63362398147584,128.9342046101888,19.134663584852944,0.8704771395151814,8.543958431109786
12000,49.62826821009318,110.48078498840331,20.148218617974695,0.8978478010743857,8.082808398952087
13000,46.277277088165285,105.92924213409424,20.46954032439408,0.902065458893776,6.967503136644761
14000,47.33815107345581,105.3150987625122,20.377935716575397,0.9037553577994307,7.655204366892576
15000,46.19959866205851,119.5233222325643,20.312865530627526,0.8776915593693654,9.264658528069655
16000,47.95526909828186,107.67237167358398,20.467571609579988,0.8976726479207476,7.744583549598853
17000,46.216630427042645,109.8843198776245,20.491364058365725,0.8929700020700693,7.987365126609802
18000,49.86434946060181,112.86086406707764,20.205287731052486,0.8907940739144882,7.631414700299501
19000,44.82039394378662,104.50578104654947,20.661765117536255,0.9026254640271266,7.123099059487383
20000,43.161925347646076,102.68973267873129,20.82326545392738,0.9054647501558065,7.620129796365897
21000,48.163520971934,120.24060071309408,20.305693588547623,0.876639141018192,9.601054405793548
22000,45.07486866315206,104.53448886871338,20.690786106793837,0.9051092023650805,7.647158425922195
23000,44.06216123898824,104.62748381296794,20.775982101640757,0.9041692020371557,7.736587515100837
#苏轼
23000,44.61710597674052,106.57613608042399,20.69273649622211,0.9016786014661193,7.751621625696619
24000,43.66270424524943,104.01575508117676,20.81662706595911,0.9046304263795416,7.827648834014933
25000,42.952950366338094,109.37193101247152,20.80613869357227,0.8918053187429905,8.337255961572131
26000,41.81690874099731,103.85185070037842,20.85599063881565,0.9028800131132205,7.88762445251147
27000,41.768698596954344,118.37334327697754,20.893608567886226,0.8654820041731,9.29699263224999
28000,41.15585479736328,110.21234245300293,20.900741389918107,0.8974923903122545,9.306588924179474
29000,42.832704893747966,104.98806266784668,20.768059287810665,0.9065580082436403,7.369763602813085
30000,40.50878860155741,112.62718493143717,20.99116688075093,0.8842181973159313,8.64236361036698
31000,40.655801963806155,102.51294873555501,21.123024845100062,0.9065749098236362,7.64800077304244
32000,39.29980460802714,97.84350217183432,21.202210922993554,0.9132006580010057,7.663909529025356
33000,39.199685160319014,100.50227648417155,21.155201752168676,0.9081971623003483,7.568957085410754
34000,39.43585548400879,108.46838595072428,21.179445483822047,0.8889610896507899,7.904209267968933
35000,40.61173044840495,99.80753224690756,21.109622553891636,0.9088530208915472,6.969000902026892
36000,38.6038876692454,106.20025361378988,21.14652087822755,0.902483198667566,9.390391577035189
37000,37.11858035723368,103.56886622111003,21.32401294900536,0.9062757529939215,8.176710962628325
38000,38.494750308990476,102.44186922709147,21.24661235405141,0.9074686478823424,7.795464169854919
39000,41.93720051447551,119.38781725565592,20.820396411599752,0.8656570945555965,9.521331892659267
40000,38.12780590057373,101.31394399007162,21.363498431075957,0.9039785895496607,6.738247129445274
41000,40.363155126571655,108.0524772644043,21.09137396103353,0.8889471723387639,7.327367942780256
42000,38.74972944259643,109.43984355926514,21.1687375153669,0.8919406677906712,9.20636983277897
43000,37.6410577138265,97.76000525156657,21.372003652426987,0.9140945625801881,7.796179540455341
44000,39.45641523996989,110.30697377522786,21.134729159053254,0.8906978285561006,8.257268695160747
45000,36.279440848032635,102.13810081481934,21.428519347609203,0.9068502937753995,7.847485672682524
46000,36.206935501098634,118.73769442240398,21.46036048756031,0.8407108702386419,8.997087447593609
#苏轼
46000,36.95585424105327,121.67661170959472,21.389289864287914,0.8285252769788106,9.164454139148196
47000,38.84724968274434,103.08692639668783,21.330503022766585,0.8991903605560462,7.202394064515829
48000,38.05038722356161,112.65512593587239,21.276330800164324,0.8772123885030548,8.420013394206762
49000,36.71053935686747,97.21484254201253,21.44272835616096,0.9161445901418726,7.348537047704061
50000,36.15260259310404,97.68405297597249,21.471443471475073,0.9147473025446137,7.410867043460409
51000,38.150741513570146,96.44786643981934,21.309345367330327,0.9158967583750685,7.906720731407404
52000,36.63913663228353,98.77819207509359,21.501056653234706,0.90888277515769,7.478123145798842
53000,34.53977971076965,104.30713920593261,21.688078627326075,0.8937779193744063,8.401341252028942
54000,36.19364223480225,92.371497853597,21.615598606030353,0.9218311141555507,7.435791365181406
55000,33.721143865585326,90.51793155670165,21.826277573718425,0.9228089099129041,7.475207954024275
56000,34.59159941673279,89.744953028361,21.724110986720596,0.9251086069891851,6.981350143129627
57000,33.34744791984558,93.75419775644939,21.80986344691036,0.9176040719573696,7.017006520181894
58000,33.18138003349304,92.51363404591878,21.88616666423564,0.9189233050371209,7.484422378862898
59000,32.20695562362671,88.53932596842448,21.97788187751401,0.9257206299031774,7.21873518700401
60000,32.44335231781006,87.15092347462972,21.983053761416063,0.9289849597960711,6.708785990873973
61000,33.1045197168986,92.58405996958415,21.905555955089806,0.9203891882052024,7.11908674488465
62000,32.57900913556417,89.0470240910848,22.003950326899606,0.9255187414586544,6.892142901197076
63000,32.34931645393372,95.3673646291097,22.072802237407988,0.9128549444178741,7.02619100920856
64000,32.486199903488156,89.46345856984456,22.107813892010046,0.9249367558086912,6.641063264881571
65000,32.3589378674825,87.13980884552002,22.108991475253752,0.9278258447845776,6.310649793595076
66000,31.520934581756592,84.12494468688965,22.202521209205592,0.9314685362701615,6.525274468585849
67000,31.483907429377236,81.98905595143636,22.29633579521971,0.9332193316270908,6.083200965076685
68000,31.62361798286438,93.34140262603759,22.236334452986977,0.9129588203504682,6.257959473878145
69000,30.418762318293254,84.46237157185872,22.27741624281131,0.9320836944505573,6.559670555094878