# layers=4 tau=5 batchsize=16  MSE + KL参数/20000
#染
0,170.61244633992513,478.6848856608073,13.894299489444107,0.05357548043054218,66.26703828573227
1000,92.62499596277873,167.04220631917318,17.28012961122305,0.8263847816735506,13.901607096195221
2000,80.71865701675415,146.72148920694988,18.062736250549104,0.8597640292719007,11.057933494448662
3000,64.54890638987223,130.7314022064209,18.90382201837035,0.8710295766592026,8.334726691246033
4000,67.46585674285889,129.4451722462972,18.885850444446493,0.8744468819970886,7.915047015994787
5000,63.56985244750977,126.01567929585775,19.211704262848148,0.8801844067250689,8.236943371593952
6000,57.41963144938151,117.4095916112264,19.67562145592299,0.8878316725293796,7.162927969669302
7000,57.10906165440877,112.99906578063965,19.616362653012462,0.8951242155085007,7.18746359149615
8000,58.09841245015462,116.5403102238973,19.604256491569537,0.8936023732026418,7.530482864628236
9000,51.76159934997558,109.41693331400553,19.954932112834157,0.9015986746797959,7.007001110663016
10000,49.17336963017782,110.64137865702311,20.214557365365128,0.9006640726079543,6.498197404046853
11000,45.58848683039347,108.27412306467691,20.558490996235108,0.9001692475130161,6.449962602928281
12000,49.78998492558797,113.49873733520508,20.17652679986936,0.8946822178860505,7.575387392813961
13000,44.54105812708537,104.88977286020915,20.653328172680933,0.9076716281473637,7.463760565345486
14000,45.58232746124268,101.62569071451823,20.561327593594957,0.9112369004637003,7.0656835194677114
15000,46.10566339492798,107.05925470987955,20.539113740043543,0.9047346182788412,7.416725192839901
16000,49.11104548772176,119.35091196695963,20.401091505367027,0.8768986046935121,7.521373551959793
17000,40.79783245722453,95.72056128184,21.002680648601896,0.9170932892709971,6.490716064969699
18000,46.463111543655394,111.50838267008463,20.55725939948259,0.8997004718830188,7.922316684077184
19000,43.19860372543335,110.99152081807455,20.75974301419401,0.8966673290356993,7.7345274450878305
20000,42.35101378758748,106.2604200998942,20.90857475186031,0.9050972271089752,7.616869946941733
21000,42.6148464679718,109.99235070546469,20.799662549739953,0.9003321481868625,8.098345653464397
22000,43.59678711891174,97.87327391306559,20.82073093454056,0.9151062157625953,7.007801063979666
23000,43.66162495613098,101.05939000447592,20.835478982564148,0.9111540109540025,7.230945856620868
#诗
23000,42.724274428685504,101.30685176849366,20.92312352774765,0.9107486608748635,7.151223427305619
24000,40.42002555529277,99.55578123728434,21.021136234374133,0.9137410939360658,7.659634215136369
25000,41.21179825464885,108.34947420756022,20.982077937291812,0.8990223619466027,7.378571933756272
26000,40.83011059761047,113.24145584106445,20.93889934305508,0.8933861426388224,9.034824399277568
27000,38.477701584498085,101.9969954808553,21.216399523532015,0.9093401245151956,8.185776136815548
28000,40.52974534034729,113.03082605997722,21.006152957310714,0.8816579670334855,8.60296239455541
29000,38.94810306231181,103.45076491038004,21.12325047608469,0.9092428117369612,8.753126533702016
30000,37.769428459803265,97.0942341486613,21.367122862861788,0.9178597733999292,7.640163380031784
31000,40.721071084340416,103.48543567657471,21.06880597111479,0.9069291428973277,8.222710844129324
32000,43.26134214401245,103.73154589335124,20.85152863130808,0.9079274328425526,7.360955663025379
33000,37.996641937891646,95.07922617594402,21.458642795805982,0.918375525996089,6.8175555393099785
34000,37.23221079508463,96.69070720672607,21.48877759675418,0.9178398168335359,6.987583112592499
35000,38.642521158854166,96.57928199768067,21.235391870692215,0.9167488876730203,7.279869063446919
36000,38.49128851890564,102.00502001444498,21.29582690411349,0.9090932369232178,7.580309817567468
37000,36.87591371536255,103.12869345347086,21.329389944365687,0.9106181324149172,8.60567331003646
38000,36.30736754735311,102.54966462453207,21.474607932095864,0.9076026740173498,8.451547219107548
39000,35.44282420476278,103.9079750696818,21.39325465740951,0.9071794905389349,8.096821655829748
40000,36.92239424387614,104.13595619201661,21.352247838841766,0.9035761463145415,8.211891045793891
41000,36.0826673189799,100.11727625528971,21.46355789501821,0.9092379459490378,7.8286161087453365
42000,36.84069898923238,97.08277015686035,21.400079927141515,0.9175214217975736,8.44429750305911
43000,37.74788077672323,105.29573472340901,21.337777294407786,0.9049599286789696,8.27469554108878
44000,38.3329913298289,109.1671792348226,21.172138364296757,0.8960812763000529,8.814790612086654
45000,38.569886191685995,98.12368679046631,21.312182318559177,0.913485462218523,7.415096418311198
46000,37.51278074582418,91.9724884668986,21.369499861757387,0.9223851904893915,6.658412603040536
#诗
46000,37.48481297492981,93.35544776916504,21.35461221370793,0.9213412918771307,6.706120238328974
47000,36.54522441228231,91.6423677444458,21.61935010264092,0.9234914820641279,7.00466016617914
48000,34.59895420074463,93.7329922993978,21.62176181532484,0.919758462285002,7.511957756554087
49000,34.334925238291426,92.8590852101644,21.669237288551933,0.9224150663241744,7.98130761521558
50000,35.329553047815956,93.88779462178549,21.585061434455927,0.9201852006837725,8.154611382633448
51000,34.904560295740765,98.45737171173096,21.677729099237798,0.912187289694945,7.688536085188389
52000,33.24019954999288,86.02268212636312,21.90622668911852,0.9296161017070214,7.002155743539333
53000,35.52955117225647,97.24275938669841,21.5609634512825,0.9162068406119943,7.889802306890488
54000,33.12350323994954,97.03822491963705,21.80139418706512,0.9154786493629217,7.996540494884054
55000,33.68248933156331,87.78662916819255,21.88747898911913,0.9283294448629021,6.929368923107783
56000,32.43576331138611,90.07447319030761,21.984104185409713,0.925591217726469,6.6078978683799505
57000,32.1258927822113,93.39139410654704,21.92938057967042,0.9219737556452553,8.10413360906144
58000,32.53452347119649,86.74407679239908,21.994661941872728,0.929327476831774,6.842415891587734
59000,31.34132113456726,89.08720932006835,22.05994003572846,0.926877666823566,7.3381889673570795
60000,32.370812845230105,90.10443077087402,22.0167566871212,0.9248181015873949,7.098162540545066
61000,31.62085165977478,89.4856741587321,22.179205099583175,0.9263233277946711,6.551953488960862
62000,30.503544680277507,83.3552619934082,22.22868095117666,0.933145394983391,6.529648723080754
63000,30.893956232070924,86.5723424911499,22.209011052581637,0.9301792357737819,6.5568162345637875
64000,29.550882323582968,84.39736779530843,22.422064425212213,0.9320607548579574,6.408549177770813
65000,30.630273882548014,86.73759269714355,22.257383373187718,0.9294361704960465,6.319550002614657
66000,30.39348553021749,85.2901533126831,22.379585300911405,0.9302987669284145,5.997912536064784
67000,29.505819749832153,83.51753012339275,22.426274979735584,0.933930043441554,6.233347545688351
68000,28.439884583155315,84.82139797210694,22.479633744323177,0.932215728610754,6.775688777367274
69000,28.446878083546956,79.34623018900554,22.577529357314333,0.936943217056493,5.930909294014175
#诗 继续