#楠v3
54000,59.22063273588817,554.0051338195801,25.31282194548704,0.8506614220639069,39.91690828154484
55000,59.25173299709956,549.0155166625976,25.456408342618673,0.8555136245985826,37.7194324384133
56000,51.59912288983663,529.7450630187989,25.66225326151407,0.8561424997945627,38.24882263938586
57000,78.68311845461527,556.5465082804362,25.289744125429333,0.8483670043448607,35.93894250690937
58000,74.7139173825582,589.1842755635579,24.843362618483635,0.8473231884340445,37.798184383039676
59000,68.59007908503214,560.5007754007976,25.224005946522578,0.8498032902677853,37.85528793310126
60000,64.59107138315836,548.3576016743978,25.29062150273746,0.8579025742908318,38.204126389076315

#洪昌V1
78000,34.73333572546641,456.0091827392578,27.160896289838966,0.8641910682121913,37.222131080925465
79000,35.27283276716868,463.90945485432945,27.016867671848637,0.8647506785889466,35.83511460572481
80000,42.05704169273376,458.5882813771566,26.86701761273986,0.8644277689357599,36.26250569398204
81000,35.25773469607035,437.98739941914874,27.24896593949979,0.8657589145004749,35.98110062380632
82000,35.65277723868688,437.3272513071696,27.052904582640995,0.8656863523026307,35.58425733819604
83000,37.98838181495667,437.42055231730143,27.039938695808473,0.8652205010255177,35.87631149838368
84000,41.83725818792979,447.6124432881673,27.089391057853724,0.8623292237520218,36.490664134422936
#洪昌V2
84000,39.6522181948026,442.86589533487955,26.745424579287032,0.8652987778186798,35.31090112403035
85000,41.71504618326823,454.8761427561442,26.678810874981263,0.8641313552856446,35.66969598953923
86000,43.81666634082794,473.4436954498291,26.397476824858597,0.8608869634568691,37.34567115083337
87000,44.384459678332014,474.29502398173014,26.462859319906354,0.8589023207624753,38.01049294881523
88000,43.143464994430545,510.86962000528973,26.173051941102067,0.8612380400300026,39.49892008677125
89000,42.593575803438824,454.30821685791017,26.43158305612777,0.8613649035493532,37.44321368013819
90000,40.15816499789556,445.79247601826984,26.74753002390475,0.8665466154615085,34.96096573149165

#楠v4
126000,34.917982379595436,409.51306699117026,27.58367974384943,0.875339941183726,30.560533991083503
127000,42.7115931948026,440.79165903727215,26.853368618496543,0.8667994181315104,30.5497912534823
128000,37.84052645365397,431.0204288482666,27.22664793951198,0.8719437497357527,32.582832627619304
129000,45.30996827284495,466.292414855957,26.77934751560731,0.8664460582037766,32.301045740023255
130000,36.233024891217546,417.10875244140624,27.30816972841188,0.8717997387051583,31.55698851371805
131000,35.22745252450307,415.0798834482829,27.495962937402176,0.8731095989545187,32.71262576337904
132000,39.778883496920265,425.85324172973634,27.211597216847814,0.8680120048423609,31.239795666188
#楠v5
132000,28.805171636740365,372.91637687683107,28.40298847182834,0.900633077075084,32.57325388491154
133000,28.400636180241904,341.54714686075846,28.37552163707613,0.9015471274654071,32.20999684805671
134000,24.269062260786693,337.89043413798015,28.724089742175025,0.902216624468565,32.88171644633015
135000,40.721103036403655,375.17104250590006,27.724343357913046,0.894196114440759,29.674340325097244
136000,27.259483524163564,356.4270782470703,28.531364216373472,0.9014138710995515,30.233889501541853
137000,22.16666176319122,321.89484621683755,29.191693888714163,0.9082598512371381,29.249605235333245
138000,23.20853091875712,327.1389495849609,29.061811138726966,0.9056000957886378,30.250687909622986
#楠v6
138000,29.507232236862183,367.07211074829104,27.926263713536066,0.8896280872325103,28.63090444356203
139000,35.37440028985341,392.8682969411214,27.56036498308983,0.8808638714253902,29.518346494684618
140000,31.688254328568778,390.9407502492269,27.66966073929622,0.8826463359097639,30.076364154616993
141000,36.147914977868396,402.2102981567383,27.54112276679893,0.8789842411875725,28.740926043440897
142000,28.564976302782693,370.9127849578857,28.21343530964902,0.888304912050565,28.367882731060188
143000,29.149349053700764,372.83846906026207,27.960450674786436,0.885921273380518,29.864976576839883
144000,31.585076554616293,373.6302419026693,27.7279093203529,0.8815004010995229,30.674405799557764
#洪昌V3
144000,30.11770027478536,380.5135232289632,28.112630110161966,0.8977835913499196,27.632748056203127
145000,29.654903169473013,371.1958400726318,28.14672750405672,0.8991219431161881,25.8738595371445
146000,30.0697465022405,378.273616027832,28.093676594093914,0.8985744491219521,27.465637400746346
147000,38.19887490669886,386.8623799641927,27.68994336198189,0.8912217222154141,27.99817657719056
148000,38.6243259191513,388.74510256449383,27.60073887725139,0.8914634674787522,28.000294910743833
149000,32.47929188807805,373.8842353820801,28.005625346034936,0.8953360060850779,27.796660003562767
150000,35.84480126698812,394.73558616638184,27.784355865472286,0.8938441932201385,26.588413373877604

#楠v7
186000,22.6167164961497,334.4187919616699,28.925088884527856,0.901279903203249,29.389505088329315
187000,27.660073069731393,357.2587121327718,28.238939638071706,0.8916010186076164,30.82280717169245
188000,27.46243000825246,351.7559211730957,28.376922642275886,0.8939104753235976,29.405971714295447
189000,32.10112454096476,409.04836400349933,27.376291899989774,0.877456850061814,33.11915885657072
190000,25.761704935630164,347.72355499267576,28.52465356269648,0.8947610331078371,30.81761911821862
191000,24.47505495150884,347.40855878194174,28.70048459688605,0.8968405609329542,29.051134719823796
192000,28.626898407936096,357.86572278340657,28.183581928834023,0.891601637750864,28.55986568145454
#楠v8
192000,27.66535356839498,344.44859670003257,28.253706776377598,0.9014882430434227,27.450999825571973
193000,27.04187412659327,358.20257466634115,28.173949493284976,0.9008722397188346,28.365527704978984
194000,33.071315403779344,388.58604482014977,27.53274525372355,0.892176553606987,26.88449818951388
195000,27.990863267580668,350.693430964152,28.268232590019753,0.9015631462136905,28.242049030959606
196000,27.695780547459922,357.89624875386556,28.27532891176538,0.9024335925777753,27.94846427626908
197000,25.66531357765198,338.76497141520184,28.49557593056475,0.9027816330393156,28.418716977660853
198000,26.05880302588145,345.16406059265137,28.54562398333326,0.9022518905500571,26.271085279683273
#楠v9
198000,24.04041613737742,340.89673372904457,29.017411499979183,0.9154082184036573,22.83337763821085
199000,22.67114026149114,344.4188460032145,29.23354047908373,0.921574625869592,22.761689977099497
200000,25.41121012767156,337.2059279123942,28.878641124520822,0.9159744044144948,23.851925395429134
201000,28.565352344512938,361.1279986063639,28.647430195453822,0.9141407373050848,23.468347520877916
202000,21.97649475733439,325.10431543986004,29.386292309726755,0.9214186730484167,23.84263618538777
203000,22.850549578666687,347.50623982747396,29.36313955544102,0.9232303261756897,21.536585378150146
204000,25.45451672077179,338.96755027770996,29.007773762092423,0.9178229302167893,23.302661888301373
#诗
216000,21.011714339256287,309.273278427124,29.514976670940374,0.915362610667944,23.158223771800596
217000,20.461938067277273,312.7531218210856,29.54569036771969,0.9141174321373303,23.745996622989576
218000,21.223193474610646,317.4211363474528,29.45110098969482,0.9112883371611437,24.026447157375515
219000,22.474962278207144,326.6162893931071,29.280835633628453,0.9081460783878962,23.204602170735598
220000,19.469544839859008,307.5656298319499,29.752584609858392,0.9151005988319715,22.08924803417176
221000,22.722199463844298,326.3644430796305,29.38358063370709,0.9120707695682844,23.558422001078725
222000,22.976288497447968,321.37183570861816,29.18533313601396,0.9100854506095251,22.868942950541776
#染
222000,25.57969870964686,359.52692286173504,28.65820224943014,0.8843798843522866,28.628539871424437
223000,26.791016145547232,359.37365646362304,28.707203740380034,0.8836994392176469,29.034458833436172
224000,30.2807155807813,381.7326417287191,28.12022849856994,0.8744025677442551,29.345462542648118
225000,27.639901379744213,365.82369194030764,28.491918112381107,0.8836370853086313,28.178714684521157
226000,28.693708727757137,370.2963404337565,28.472806566084227,0.8800799151261648,29.865148433794577
227000,27.3697793841362,364.5786304473877,28.493314095972497,0.8841901257634163,28.656431240960956
228000,27.48660121758779,361.75108896891277,28.528634236228765,0.8832534434894721,29.10351367512097
#染
228000,26.387053751945494,348.09707794189455,28.506582469090812,0.8920318233470123,29.1615139413625
229000,27.623968156178794,355.93381487528484,28.140730191402376,0.8898903593420983,28.804702889174223
230000,28.863111786047618,361.5034734090169,28.20564555113525,0.8878418390949567,29.35341939950983
231000,25.885542519887288,359.00805486043294,28.47478713219949,0.8869347800811131,29.75158619383971
232000,26.773421959082285,360.73597106933596,28.41012813848913,0.8885307304561139,27.44710319675505
233000,26.73511369228363,355.3229818979899,28.31666227968034,0.8885570769508679,27.732607442885637
234000,25.975154912471773,348.92580591837566,28.414325588548724,0.8930308272441229,29.387429654598236
#染
234000,28.10856363773346,365.19933954874676,28.88522778684058,0.8832628411551317,26.684906197090942
235000,28.437203284104665,357.9860238393148,28.922727836058343,0.8915909888843695,26.173377176746726
236000,24.08415741523107,361.0561912536621,28.950264401389383,0.8896262012422085,24.051597046976287
237000,31.157938611507415,381.2614304860433,28.478475999311343,0.8811255179345607,26.525418845315773
238000,22.374757067362467,335.01713434855145,29.373751445612033,0.8939906239509583,26.08207658554117
239000,22.268454213937122,329.87632649739584,29.57714778900505,0.8990278492371241,24.31707677120964
240000,26.705150508880614,363.40917472839357,28.96456409026523,0.8844255668421587,26.249413825571537
#楠
240000,21.90627987186114,342.0698542277018,29.622677072301045,0.90880966608723,20.013783499598503
241000,19.444989240169527,318.85810407002765,29.984508562934007,0.9132434273759524,20.70888794027269
242000,21.03485321799914,316.34923350016277,29.812685636741353,0.9093188226222992,19.81097685173154
243000,25.307886815071107,332.74139575958253,29.390084196952554,0.9053678140044212,20.592883247882128
244000,21.32835049033165,313.3215894063314,29.9376716549422,0.9136334866285324,18.687247506653268
245000,23.27005175749461,334.21937866210936,29.46242693545678,0.9067894587914149,21.40726322152962
246000,19.037712540229162,303.63426971435547,30.25407474858845,0.9130460528035959,19.44805652058373
#楠
246000,31.26748379866282,358.1479962666829,28.669614233979882,0.8944452452162902,26.018816713864606
247000,27.506709559758505,357.10270665486655,28.730009252021368,0.8914037249982357,27.222648949051898
248000,29.965643362204233,359.8851647694906,28.707018523985994,0.896020162353913,26.33572372297446
249000,31.72153791586558,370.1663186391195,28.45160536346211,0.884478368361791,27.39369470315675
250000,28.404561869303386,340.62731781005857,29.253361274216267,0.9013037766019504,25.583093802755076
251000,29.59415892759959,358.3950542449951,28.630263172939088,0.8921593109766642,27.7760615448157
252000,37.897135106722516,384.3894287109375,28.315761890542994,0.8794610833128294,27.1541653200984
#诗
252000,19.922454742590585,320.4098896026611,29.665267592895898,0.9023535303771496,26.083628088235855
253000,19.391921464602152,324.2486787160238,29.72082891151746,0.902436533321937,26.423983545973897
254000,18.731027960777283,317.40561498006184,29.982990777102426,0.903358767926693,25.616966870923836
255000,19.457537404696147,318.9043031056722,29.75884858127353,0.9025411268075307,25.47400355649491
256000,20.57511863311132,326.8420201619466,29.632165288081808,0.8996440549691518,28.492669283101957
257000,20.37252669731776,324.921337890625,29.533047026670022,0.8988160918156306,26.979651159296434
258000,22.960922147830328,333.3312733968099,29.464871969037358,0.894793763756752,27.08125134619574
#诗
258000,22.335514136155446,325.9611853281657,29.641330157119864,0.9096621637543042,21.217783195897937
259000,24.501957861582436,336.69440574645995,29.219413430462144,0.9063767232000828,20.807861145585775
260000,23.83382842143377,334.46072680155436,29.37307298950802,0.9061853965123494,22.36550520484646
261000,24.335370457172395,331.23149998982746,29.355461051505664,0.9082172714173794,21.89988217316568
262000,22.504416223367055,331.1438671112061,29.48834604329761,0.9085990612705549,21.04695017139117
263000,23.297262076536814,324.1388937632243,29.59024541695185,0.9086312542359034,21.270327614620328
264000,23.53258554538091,330.0049151102702,29.436582718943395,0.9060316222409407,21.24690975683431
#诗
264000,22.615226173400877,328.899685160319,29.135274834693266,0.9044071311752001,24.152033664286137
265000,25.801438665390016,357.513814163208,28.74460459848913,0.9004600758353869,25.880778363595407
266000,25.152329937616983,337.44730415344236,28.678819912485206,0.9011654878656069,24.425213802605867
267000,22.046934946378073,331.57652994791664,29.194666230549828,0.9040257898469766,24.79432671951751
268000,21.588892904917397,333.81111475626625,29.207038221600094,0.9071964787940184,24.82748255133629
269000,23.648000156879426,332.8633810679118,28.932629318105366,0.9025797155996164,24.584144322822493
270000,22.940506827831268,330.3670032501221,29.128499119915187,0.9045086200038592,23.23876052784423
#染
270000,23.990599832932155,325.39961865743004,29.223247832273856,0.9036596109469731,22.437060143177707
271000,27.923559083541235,343.2438784281413,28.885878954706882,0.8975176331897576,25.25265172744791
272000,23.3810169617335,326.56866823832195,29.245007176251658,0.9043090405563513,24.335745442658663
273000,26.837095298369725,339.56418635050454,29.05803606980765,0.8995606414973736,24.200615634520847
274000,23.992650679747264,330.5168567657471,29.06540949579881,0.9010434456169605,23.315064233417313
275000,27.810346867640813,342.11254831949867,28.840920175113688,0.8982826513548692,23.520823307335377
276000,29.78336172699928,344.0608985900879,28.853381947850867,0.8992532094319662,23.70609531334291
#染
276000,21.587493105729422,320.68844947814944,29.464223100065933,0.9047406792640686,25.489052524790168
277000,21.70978923837344,321.5368554433187,29.392499522119937,0.9024023622274399,26.772727713299293
278000,24.252080170313516,333.9323906580607,29.070767741690833,0.9003101155161858,26.45197755501916
279000,22.400391940275828,326.35182253519696,29.38140569485304,0.9066416973869006,24.15016375792523
280000,24.120934981107713,338.2609066009521,28.955482052631723,0.8963410047193369,25.918257574861247
281000,23.9937884747982,325.08326835632323,29.10493058715327,0.9023319758474827,26.175779768576223
282000,21.111198351780573,323.2113911946615,29.537046444021954,0.9021390217045943,24.950592117384076
#染
282000,17.670224100351334,296.494788869222,30.316171280255187,0.9156845363477866,25.405339358064037
283000,18.050818280378977,303.5722319285075,30.301457883376486,0.9134165572623412,23.854798537989456
284000,19.091776045163474,289.3935623804728,30.174242531138635,0.9164440224568049,25.569363472362358
285000,17.077885405222574,288.91736424763997,30.357632966382674,0.9163506877919038,25.036693909205496
286000,16.797477320830026,290.9913870493571,30.435528596400413,0.9164828173816204,26.672956288481753
287000,18.213753696282705,291.16044534047444,30.140495720337594,0.9156774503489336,23.614327699566882
288000,18.844760596752167,298.98988819122314,30.02388127093901,0.9119614116847515,25.042408822725218
#楠
288000,16.354617208242416,263.65962041219075,31.060860888918015,0.9307449688514073,21.120280604809523
289000,18.172353382905325,282.3592446645101,30.443317900495735,0.9250046988328298,19.881241489201784
290000,18.078943433364234,278.84954872131345,30.578935658493165,0.9265540584921836,19.72013545533021
291000,16.807442806164424,271.6221560160319,30.94835572341095,0.9292767331004143,21.4918009378016
292000,17.68995884259542,278.3726287841797,30.530191038837252,0.9265973729391893,21.3742435304448
293000,16.059048980474472,274.5025931040446,30.758327222086766,0.9280309562881788,21.403676971482735
294000,16.328947083155313,266.2785785675049,30.85551292490352,0.9303092064956824,20.188744782159727
#楠
294000,24.976690753300986,335.61447003682457,29.36576899616077,0.9006117368737857,24.289437029510736
295000,22.721593169371285,337.7824624379476,29.36073321378085,0.8979946330189705,24.20754301051299
296000,26.101531140009563,353.13099772135416,28.983646612174006,0.8926860560973485,25.896215938652556
297000,23.078945422172545,337.85473454793294,29.35932253418355,0.8942466946939628,24.743815350035828
298000,20.99724054733912,331.0310448964437,29.6178358869204,0.8980797916650772,25.937972211589415
299000,24.50366828640302,335.04392636617024,29.43862560905858,0.8961672042806943,25.242524784989655
300000,24.863297728697457,340.11682103474936,29.26062272809547,0.8975683321555455,25.507986770632368
#楠
300000,19.246722837289173,301.47511558532716,30.324545920935254,0.9212366034587224,23.220987903575104
301000,16.20316327015559,283.0027084350586,30.78704459946237,0.9252556306620439,21.608954047163326
302000,20.037972716490426,284.8179812113444,30.328894529833317,0.9185352717836698,22.492446520676214
303000,16.091426106293998,281.50991643269856,30.739527002985117,0.9219277491172154,22.791230517129105
304000,16.62161620457967,284.2579967498779,30.528315940903397,0.9215186136464278,22.24724999628961
305000,15.990346095959346,280.73908214569093,30.62792560205641,0.923919619123141,22.175251844649512
306000,15.226406755050023,271.1267349243164,30.859213415827785,0.9271191356082757,22.000173234070342


