#娜
0,23.936060066422517,157.70575500116115,20.05101305165071,0.2085245677245776,14.48071182128929
1000,1.666198110512948,33.51123616698173,33.067418621795774,0.9218218147012168,0.7587576352913553
2000,1.4288222110472213,30.696568716693843,33.96814209149791,0.9376543781899813,0.6208685972350871
3000,0.901333562259613,24.180645639472722,35.99786082457083,0.9448911770658575,0.42582080869968714
4000,0.704713285315466,20.785242460053695,36.998249967575255,0.9695983810173061,0.25587219182246673
5000,1.0412253106962652,26.069339310804448,35.03889789702636,0.9562751462610395,0.3954201871584657
6000,0.7797532242557311,22.63024440459673,36.25666890564601,0.966196579880725,0.28403608067449004
7000,0.689636524122005,21.22284493850637,36.77094835316313,0.9693428092112965,0.250071276830221
8000,0.6535186037317386,20.455283496714912,37.15226992141891,0.9702006840125418,0.2486603624198497
9000,0.9167702575143899,24.946761296878154,35.57445551048389,0.9560349167217772,0.3749722280190326
10000,0.6464630840357034,19.97243332502872,37.39755431994368,0.971241766331821,0.24937291032290973
11000,0.6075846314620611,19.727219223283868,37.471742662857785,0.9717981139706738,0.22629979960454097
12000,0.6533925549476542,20.653929690450745,37.0848610232494,0.9658760679504071,0.2631830928120984
13000,0.6550214893241931,20.23754232934958,37.27063522055165,0.9689131906298476,0.2575841211226015
14000,1.2363317997371137,29.03521085477734,33.958489630645786,0.9430901456261518,0.46970273223927334
15000,0.7771215828419008,21.923936688803074,36.74833828677466,0.9669255300430072,0.30106541394378017
16000,0.6493792283791144,20.775776457149668,37.093446341056406,0.9667717423884535,0.2555344375737366
17000,0.6307100926749797,19.85393165600563,37.48057066021939,0.9697717590038256,0.24781044894119814
18000,0.6112100309524663,19.6514211764319,37.535389896220174,0.9711283674804669,0.22843933554776458
19000,0.6657778870543675,20.39061411498731,37.168352065341686,0.967976669887286,0.25750607857757823
20000,0.5886692044159676,19.204127388687226,37.67068139411023,0.9722696791357732,0.22321256311399684
21000,0.5909131688696444,19.089902960603386,37.7749679747224,0.9728780700190599,0.21919132074496397
22000,1.043661448269494,25.898052763855834,35.203968188037415,0.9430880640914022,0.48651611321561394
23000,0.5968777152961694,19.09343804991896,37.7371889323595,0.9737281753462959,0.21537764474660867
24000,0.6117262682692516,19.309741036263354,37.64189328118586,0.9730200840231307,0.21681321107150456
25000,0.8959801695747659,23.972514362977638,35.773464426269,0.9587079532217498,0.3506523254881835
26000,0.6026118340686777,19.226410106776342,37.70313597966786,0.9737144167824466,0.21104397968710623
27000,0.6064915658947205,19.240831044215913,37.64671622851366,0.9730071211922035,0.21572303687987318
#楠
27000,0.6000582795810824,19.1533518042437,37.7146794786031,0.9750455697942352,0.20421662297199614
28000,0.603720188084622,19.225150149043014,37.65428973202102,0.975254541019846,0.20746727719337546
29000,0.5984750316845,19.148525064969036,37.703953479102736,0.9754127042996728,0.19871753853900978
30000,0.6136674800677858,19.419462370678662,37.575006796690595,0.9746409338158322,0.20676978373168303
31000,0.607294040897582,19.319069988913096,37.629638508676,0.9747390464502498,0.2051661869960039
32000,0.6287018395094991,19.614496926674306,37.44027393056527,0.9735806540870044,0.217666621999039
33000,0.6168080095837757,19.48199405515097,37.57432933293116,0.9748697214287861,0.2071970133415778
34000,0.64723581650687,19.90493084273964,37.31288862834452,0.9733132741371807,0.22272006012610204
35000,0.6266322627135755,19.635105076013403,37.40299981331727,0.9739567176431853,0.21301747100161655
36000,0.6409604386377834,19.854187468341557,37.39775085570892,0.9735241555311516,0.21463590230615365
37000,0.6067693890802536,19.28488352711331,37.63989935446433,0.9748568336398655,0.20462537317403726
38000,0.6387718403398229,19.772565394466902,37.39580399807173,0.9736503141623118,0.21185832031603372
39000,0.641711225536296,19.797470137909592,37.39190074832523,0.9740776038718528,0.21029220432475476
40000,0.6565573863538023,20.00228336519204,37.307899912747516,0.9732710460689932,0.21951055206868442
41000,0.6704582913446648,20.31127349674079,37.15540778974356,0.9721300477890631,0.22658667093353524
42000,0.6459156159186059,19.902513582116637,37.34799737409823,0.9738935154318814,0.21312390017556027
43000,0.6539612768799864,19.987061692447195,37.297286160701475,0.9733841249335697,0.2197603742215073
44000,0.6873580563237998,20.554916962513943,37.092131445862506,0.9723072177162917,0.22400771239994183
45000,0.6553180665989233,20.161440299916904,37.26694787830311,0.9730069064700958,0.2152909730544447
46000,0.671376508105715,20.305497241767856,37.15173852349186,0.9728197696841392,0.21812062463833995
47000,0.6676586731472219,20.2460652419499,37.17129410485203,0.9727020751751266,0.22080039835557164
48000,0.7104016437036235,20.794962892687415,36.94517731390422,0.9713833258137446,0.2380016874494253
49000,0.6640088816154985,20.331050587863455,37.15982976108488,0.9721668086328805,0.2192465169909632
50000,0.6623023556811468,20.216431871662298,37.182347495170305,0.9727391588496385,0.21637627131505205
51000,0.6679060243753744,20.292804977481236,37.1530984033231,0.9724574457382971,0.21982954557253315
52000,0.6897552134198732,20.54590954127074,37.02221308792468,0.9718370890619811,0.23031649602455131
53000,0.666240578216612,20.256721767122045,37.16456572296603,0.9728500943503804,0.21645178279695323
54000,0.6745201114318512,20.481729264597167,37.07842763761586,0.9719627450512036,0.22033839084629325
55000,0.6717412935247543,20.321025086058416,37.11961509912222,0.9729029706415295,0.218901599735199
56000,0.6734733940486155,20.391805252823957,37.099199300773094,0.9725770057201275,0.2187263363988937
57000,0.6806384648232094,20.522967472862838,37.05373924826141,0.9722893740103886,0.2195984318469917
58000,0.6894060531577028,20.6334929790231,37.00990122792557,0.9720067304119654,0.22573187535661937
59000,0.6736921442112302,20.415425149682783,37.09377919646336,0.9727971483655456,0.21337302397504182
60000,0.6814358896304368,20.53581341993795,37.050074659004586,0.9726217874294436,0.21437428672687106
61000,0.6764517347398673,20.48941413866103,37.05787061165405,0.9724367923608845,0.2163829958243739
62000,0.6901398212859855,20.665830548770472,36.9593288457232,0.9717560144380156,0.22462613040780915
63000,0.6912804420834081,20.70415277818908,36.967438682473905,0.9719271437082294,0.22081959960771547
64000,0.6828232468316779,20.565582293389703,37.009528157174785,0.9722583465900602,0.21931870433036238
65000,0.6853776095601601,20.643049900540078,36.98484507986181,0.9720470918791139,0.21900244111228467
66000,0.6826897867015292,20.598863557656053,36.99568581837947,0.9720519626839933,0.21837815009002087
67000,0.6900623027715534,20.677947781504102,36.95704297231891,0.9719038182002286,0.22176670428875478
68000,0.6977115397392388,20.81310047560591,36.910531172898445,0.9715421418950131,0.22329434688713046
69000,0.6935589583320207,20.739868419372527,36.925007400061354,0.9717698250020861,0.22260925636926135
70000,0.6943358759050723,20.75167474984846,36.92145023942725,0.9717022008384222,0.22287400081820255
71000,0.6987218296244031,20.79550572610206,36.905463354400325,0.9717485017766624,0.22299888071193846
72000,0.694195304701968,20.754854973461846,36.91282240736718,0.9717171811517671,0.22287889559742152
73000,0.6988942471790397,20.823519202198025,36.8923694762684,0.9715952732847096,0.2226185100014499
74000,0.7035606976049009,20.9113838985545,36.863881120744345,0.9713911840705649,0.22435210246060575
75000,0.7014471416152867,20.881642413887,36.87520651359233,0.9714731478293704,0.22275135180236594
76000,0.7035897710510939,20.90585251607684,36.85270263511797,0.971436942733911,0.2240375025957335

